#SURF  Chan  LABChip  ADCToVolt [mV/ADC-tick]
0 0 0 1.00238
0 1 0 1.14364
0 2 0 1.22286
0 3 0 1.03675
0 4 0 1.02082
0 5 0 1.06179
0 6 0 1.04872
0 7 0 1.05576
1 0 0 0.984283
1 1 0 0.980566
1 2 0 1.18777
1 3 0 0.949684
1 4 0 0.96918
1 5 0 1.03357
1 6 0 0.99151
1 7 0 0.998962
2 0 0 0.925398
2 1 0 1.01308
2 2 0 1.03643
2 3 0 0.966958
2 4 0 0.921939
2 5 0 0.996352
2 6 0 1.06494
2 7 0 0.994453
3 0 0 0.938847
3 1 0 1.02979
3 2 0 1.06028
3 3 0 1.10593
3 4 0 0.96894
3 5 0 0.942302
3 6 0 0.937252
3 7 0 1.05999
4 0 0 1.09848
4 1 0 1.00157
4 2 0 0.996401
4 3 0 0.979894
4 4 0 0.927022
4 5 0 0.991617
4 6 0 0.978683
4 7 0 1.00054
5 0 0 1.08699
5 1 0 0.949457
5 2 0 1.17887
5 3 0 0.932591
5 4 0 0.914179
5 5 0 0.952876
5 6 0 0.924975
5 7 0 0.946945
6 0 0 1.05639
6 1 0 1.07903
6 2 0 1.1189
6 3 0 1.14703
6 4 0 1.10442
6 5 0 1.03589
6 6 0 1.08193
6 7 0 1.07945
7 0 0 0.944807
7 1 0 1.03058
7 2 0 1.08191
7 3 0 1.02994
7 4 0 0.994649
7 5 0 1.0138
7 6 0 0.917821
7 7 0 1.01642
8 0 0 1.02382
8 1 0 1.02298
8 2 0 1.18164
8 3 0 1.10892
8 4 0 1.04316
8 5 0 1.06905
8 6 0 1.0733
8 7 0 1.07747
9 0 0 1.07093
9 1 0 1.05402
9 2 0 1.12101
9 3 0 1.16929
9 4 0 0.985668
9 5 0 1.14595
9 6 0 1.05783
9 7 0 1.21014
10 0 0 1.17487
10 1 0 1.11845
10 2 0 1.06079
10 3 0 0.99194
10 4 0 0.980974
10 5 0 1.00499
10 6 0 0.958328
10 7 0 1.3129
11 0 0 1.18248
11 1 0 1.06201
11 2 0 0.965155
11 3 0 1.21946
11 4 0 0.92027
11 5 0 0.973675
11 6 0 0.915402
11 7 0 0.994981
0 0 1 1.03243
0 1 1 1.16653
0 2 1 1.27402
0 3 1 1.0817
0 4 1 1.04237
0 5 1 1.08675
0 6 1 1.07933
0 7 1 1.03428
1 0 1 0.997086
1 1 1 0.988295
1 2 1 1.16895
1 3 1 0.925188
1 4 1 0.952719
1 5 1 1.00089
1 6 1 0.941784
1 7 1 0.9511
2 0 1 0.952336
2 1 1 1.02641
2 2 1 1.04663
2 3 1 0.979828
2 4 1 0.926278
2 5 1 0.965551
2 6 1 1.03301
2 7 1 0.974051
3 0 1 0.891584
3 1 1 1.01768
3 2 1 1.05181
3 3 1 1.10724
3 4 1 0.920111
3 5 1 0.908063
3 6 1 0.907824
3 7 1 1.04473
4 0 1 1.13582
4 1 1 1.2233
4 2 1 0.97855
4 3 1 0.945009
4 4 1 0.904595
4 5 1 0.979211
4 6 1 0.939174
4 7 1 0.950606
5 0 1 1.11983
5 1 1 0.997782
5 2 1 1.20567
5 3 1 0.947806
5 4 1 0.946161
5 5 1 0.953785
5 6 1 0.936044
5 7 1 0.956396
6 0 1 0.963544
6 1 1 0.970319
6 2 1 0.986606
6 3 1 1.0055
6 4 1 0.966123
6 5 1 0.935558
6 6 1 0.981511
6 7 1 0.959859
7 0 1 0.917835
7 1 1 1.00481
7 2 1 1.03623
7 3 1 0.978996
7 4 1 0.95036
7 5 1 0.945248
7 6 1 0.854364
7 7 1 0.927616
8 0 1 0.965579
8 1 1 0.960876
8 2 1 1.11509
8 3 1 1.02895
8 4 1 0.972907
8 5 1 0.981672
8 6 1 1.00111
8 7 1 1.00094
9 0 1 1.0176
9 1 1 1.01482
9 2 1 1.07368
9 3 1 1.10423
9 4 1 0.947827
9 5 1 1.07891
9 6 1 0.988568
9 7 1 1.15134
10 0 1 1.19712
10 1 1 1.10763
10 2 1 1.07415
10 3 1 0.985567
10 4 1 0.962681
10 5 1 0.962078
10 6 1 0.902178
10 7 1 1.24
11 0 1 1.21222
11 1 1 1.06171
11 2 1 0.968204
11 3 1 1.22859
11 4 1 0.923069
11 5 1 0.983033
11 6 1 0.919458
11 7 1 0.975457
0 0 2 0.97503
0 1 2 1.11997
0 2 2 1.21623
0 3 2 1.08834
0 4 2 0.996186
0 5 2 1.0518
0 6 2 0.996975
0 7 2 1.00253
1 0 2 0.979551
1 1 2 0.997366
1 2 2 1.18079
1 3 2 0.928585
1 4 2 0.945475
1 5 2 0.977903
1 6 2 0.947373
1 7 2 0.962299
2 0 2 0.942312
2 1 2 0.99003
2 2 2 1.03801
2 3 2 0.9577
2 4 2 0.910496
2 5 2 0.990998
2 6 2 1.03038
2 7 2 0.997468
3 0 2 0.851002
3 1 2 0.951312
3 2 2 1.01007
3 3 2 1.0631
3 4 2 0.890728
3 5 2 0.886157
3 6 2 0.888954
3 7 2 1.01683
4 0 2 1.11674
4 1 2 0.989421
4 2 2 0.979683
4 3 2 0.966155
4 4 2 0.891319
4 5 2 0.950292
4 6 2 0.961558
4 7 2 0.932617
5 0 2 1.06383
5 1 2 0.932151
5 2 2 1.16086
5 3 2 0.902435
5 4 2 0.897394
5 5 2 0.926517
5 6 2 0.878925
5 7 2 0.91763
6 0 2 0.971799
6 1 2 0.983937
6 2 2 1.01746
6 3 2 1.02854
6 4 2 0.975865
6 5 2 0.981042
6 6 2 0.997766
6 7 2 0.98032
7 0 2 0.914479
7 1 2 0.992138
7 2 2 1.03116
7 3 2 1.02348
7 4 2 0.958708
7 5 2 0.941774
7 6 2 0.844274
7 7 2 0.927015
8 0 2 1.03135
8 1 2 0.993424
8 2 2 1.15189
8 3 2 1.08307
8 4 2 1.00372
8 5 2 1.03183
8 6 2 1.062
8 7 2 1.07282
9 0 2 1.01662
9 1 2 1.02597
9 2 2 1.07688
9 3 2 1.06708
9 4 2 0.954481
9 5 2 1.10316
9 6 2 1.00374
9 7 2 1.12797
10 0 2 1.12326
10 1 2 1.11352
10 2 2 1.06696
10 3 2 0.975489
10 4 2 0.960525
10 5 2 0.974392
10 6 2 0.903051
10 7 2 1.23217
11 0 2 1.23568
11 1 2 1.08471
11 2 2 1.00879
11 3 2 1.27585
11 4 2 0.985709
11 5 2 1.04697
11 6 2 0.946345
11 7 2 1.02152
0 0 3 0.928804
0 1 3 1.07571
0 2 3 1.13896
0 3 3 1.04894
0 4 3 0.957037
0 5 3 1.00571
0 6 3 0.956401
0 7 3 0.925626
1 0 3 1.00539
1 1 3 1.0054
1 2 3 1.13086
1 3 3 0.914718
1 4 3 0.955327
1 5 3 0.993196
1 6 3 0.933771
1 7 3 0.939241
2 0 3 0.918218
2 1 3 0.961736
2 2 3 1.03106
2 3 3 0.940167
2 4 3 0.917138
2 5 3 0.971046
2 6 3 1.00171
2 7 3 0.951734
3 0 3 0.891802
3 1 3 1.02316
3 2 3 1.05323
3 3 3 1.11111
3 4 3 0.933078
3 5 3 0.909194
3 6 3 0.907176
3 7 3 1.04948
4 0 3 1.12322
4 1 3 0.955956
4 2 3 0.93395
4 3 3 0.939173
4 4 3 0.856459
4 5 3 0.893607
4 6 3 0.893716
4 7 3 0.867541
5 0 3 1.0774
5 1 3 0.942578
5 2 3 1.16733
5 3 3 0.921813
5 4 3 0.884437
5 5 3 0.944338
5 6 3 0.896506
5 7 3 0.929533
6 0 3 0.917381
6 1 3 0.949623
6 2 3 0.971253
6 3 3 0.968637
6 4 3 0.913511
6 5 3 0.916661
6 6 3 0.932373
6 7 3 0.907054
7 0 3 0.87809
7 1 3 0.962741
7 2 3 1.01438
7 3 3 0.992507
7 4 3 0.917604
7 5 3 0.931622
7 6 3 0.83576
7 7 3 0.88327
8 0 3 0.919041
8 1 3 0.888205
8 2 3 1.04688
8 3 3 0.982385
8 4 3 0.887699
8 5 3 0.916796
8 6 3 0.956778
8 7 3 0.960775
9 0 3 1.01023
9 1 3 1.01198
9 2 3 1.02906
9 3 3 1.03373
9 4 3 0.926263
9 5 3 1.03008
9 6 3 0.953516
9 7 3 1.09381
10 0 3 1.0978
10 1 3 1.06021
10 2 3 1.02857
10 3 3 0.942017
10 4 3 0.932071
10 5 3 0.916152
10 6 3 0.858765
10 7 3 1.19781
11 0 3 1.18278
11 1 3 1.0618
11 2 3 0.986245
11 3 3 1.20419
11 4 3 0.937911
11 5 3 0.987248
11 6 3 0.893112
11 7 3 0.974366
