#Surf	 Chan	 LabChip 	 ADCToVolt [mV/ADC-tick]
6	3	0	5.34758
6	3	1	4.54535
6	3	2	4.71736
6	3	3	4.32979
8	6	0	1.77076
8	6	1	1.63528
8	6	2	1.73901
8	6	3	1.5325
5	3	0	2.15984
5	3	1	2.25001
5	3	2	2.11929
5	3	3	2.13471
4	7	0	3.03965
4	7	1	2.91035
4	7	2	2.89605
4	7	3	2.73478
4	3	0	2.06205
4	3	1	2.0532
4	3	2	2.0045
4	3	3	1.95774
10	4	0	2.29584
10	4	1	2.20081
10	4	2	2.19185
10	4	3	2.09269
4	4	0	1.98602
4	4	1	1.8969
4	4	2	1.88761
4	4	3	1.80611
1	0	0	2.11438
1	0	1	2.09251
1	0	2	2.0898
1	0	3	2.06812
0	5	0	2.0464
0	5	1	2.04746
0	5	2	2.02243
0	5	3	1.9255
4	1	0	3.12549
4	1	1	3.73419
4	1	2	3.12466
4	1	3	2.97198
4	5	0	1.99693
4	5	1	1.93181
4	5	2	1.92459
4	5	3	1.83184
9	5	0	3.16902
9	5	1	3.00837
9	5	2	3.00255
9	5	3	2.85212
5	6	0	2.79161
5	6	1	2.77281
5	6	2	2.56414
5	6	3	2.64702
5	2	0	2.23519
5	2	1	2.28934
5	2	2	2.18119
5	2	3	2.26534
4	6	0	2.527
4	6	1	2.46082
4	6	2	2.45568
4	6	3	2.29484
4	2	0	2.10979
4	2	1	2.10219
4	2	2	2.05172
4	2	3	1.99525
4	0	0	1.59727
4	0	1	1.59558
4	0	2	1.54098
4	0	3	1.52298
5	4	0	1.66521
5	4	1	1.67515
5	4	2	1.6318
5	4	3	1.63308
5	0	0	1.54564
5	0	1	1.6324
5	0	2	1.54357
5	0	3	1.59024
5	7	0	2.84279
5	7	1	2.83997
5	7	2	2.7476
5	7	3	2.74221
5	5	0	2.85203
5	5	1	2.87227
5	5	2	2.77098
5	5	3	2.85507
5	1	0	2.12536
5	1	1	2.17754
5	1	2	2.07948
5	1	3	2.12411
10	0	0	1.64382
10	0	1	1.62248
10	0	2	1.58057
10	0	3	1.51837
11	4	0	1.70186
11	4	1	1.65955
11	4	2	1.74839
11	4	3	1.70039
11	0	0	1.64461
11	0	1	1.69412
11	0	2	1.74934
11	0	3	1.69209
10	6	0	1.71631
10	6	1	1.62257
10	6	2	1.66718
10	6	3	1.58285
10	2	0	2.0063
10	2	1	1.97115
10	2	2	1.953
10	2	3	1.87546
11	6	0	3.34296
11	6	1	3.25298
11	6	2	3.47682
11	6	3	3.22671
11	2	0	2.2499
11	2	1	2.24454
11	2	2	2.33379
11	2	3	2.26832
10	5	0	2.86388
10	5	1	2.77273
10	5	2	2.78522
10	5	3	2.64924
10	1	0	2.20719
10	1	1	2.1577
10	1	2	2.17919
10	1	3	2.07659
11	5	0	3.99275
11	5	1	3.91106
11	5	2	4.13176
11	5	3	3.84918
11	1	0	2.50527
11	1	1	2.51247
11	1	2	2.57687
11	1	3	2.47404
10	7	0	3.28951
10	7	1	3.13958
10	7	2	3.19834
10	7	3	2.96801
10	3	0	2.25568
10	3	1	2.19793
10	3	2	2.16015
10	3	3	2.0781
11	7	0	2.79507
11	7	1	2.69925
11	7	2	2.8814
11	7	3	2.71047
11	3	0	2.31061
11	3	1	2.3178
11	3	2	2.42047
11	3	3	2.3179
2	4	0	2.45002
2	4	1	2.42356
2	4	2	2.44773
2	4	3	2.40556
2	0	0	2.03028
2	0	1	2.03026
2	0	2	2.0126
2	0	3	1.97469
9	6	0	1.82558
9	6	1	1.71528
9	6	2	1.73241
9	6	3	1.64966
9	2	0	2.01124
9	2	1	1.9212
9	2	2	1.92891
9	2	3	1.84353
3	4	0	1.76158
3	4	1	1.67528
3	4	2	1.64575
3	4	3	1.70236
3	0	0	1.64857
3	0	1	1.6279
3	0	2	1.53057
3	0	3	1.64723
8	2	0	1.99169
8	2	1	1.86936
8	2	2	1.97696
8	2	3	1.76499
2	6	0	1.77499
2	6	1	1.72741
2	6	2	1.75466
2	6	3	1.69278
2	2	0	1.96791
2	2	1	1.94971
2	2	2	1.94961
2	2	3	1.9024
8	4	0	1.85847
8	4	1	1.71416
8	4	2	1.79134
8	4	3	1.61532
8	0	0	1.73115
8	0	1	1.63411
8	0	2	1.74896
8	0	3	1.56974
3	6	0	1.78591
3	6	1	1.70641
3	6	2	1.67019
3	6	3	1.71129
3	2	0	1.89946
3	2	1	1.85753
3	2	2	1.79048
3	2	3	1.86447
9	4	0	3.11241
9	4	1	2.96526
9	4	2	2.96727
9	4	3	2.81281
9	0	0	2.17516
9	0	1	2.0804
9	0	2	2.11798
9	0	3	2.05035
2	5	0	3.09479
2	5	1	3.03844
2	5	2	3.11866
2	5	3	2.97143
2	1	0	2.06623
2	1	1	2.05113
2	1	2	2.03893
2	1	3	1.98899
9	7	0	3.16414
9	7	1	3.03152
9	7	2	2.99619
9	7	3	2.89676
9	3	0	2.57375
9	3	1	2.40332
9	3	2	2.39378
9	3	3	2.29637
3	5	0	3.20236
3	5	1	3.08993
3	5	2	3.01054
3	5	3	3.11007
3	1	0	2.10408
3	1	1	2.01845
3	1	2	1.90929
3	1	3	2.05014
8	7	0	2.98238
8	7	1	2.70183
8	7	2	2.91883
8	7	3	2.56812
8	3	0	2.37252
8	3	1	2.21597
8	3	2	2.36949
8	3	3	2.09305
2	7	0	2.90494
2	7	1	2.77283
2	7	2	2.866
2	7	3	2.73869
2	3	0	2.27659
2	3	1	2.22205
2	3	2	2.22985
2	3	3	2.17451
8	5	0	3.29707
8	5	1	3.01837
8	5	2	3.22833
8	5	3	2.79032
8	1	0	2.01175
8	1	1	1.90086
8	1	2	2.01088
8	1	3	1.80611
3	7	0	2.72455
3	7	1	2.64186
3	7	2	2.54724
3	7	3	2.63913
3	3	0	1.94447
3	3	1	1.87059
3	3	2	1.80342
3	3	3	1.87584
9	1	0	2.16443
9	1	1	2.06096
9	1	2	2.07993
9	1	3	2.01716
0	2	0	2.29352
0	2	1	2.34746
0	2	2	2.28031
0	2	3	2.19135
7	4	0	2.81737
7	4	1	2.65497
7	4	2	2.66114
7	4	3	2.57004
7	0	0	2.25071
7	0	1	2.21874
7	0	2	2.18627
7	0	3	2.15216
1	6	0	1.81384
1	6	1	1.74397
1	6	2	1.74434
1	6	3	1.7016
1	2	0	1.92527
1	2	1	1.92201
1	2	2	1.91291
1	2	3	1.91791
6	4	0	2.12869
6	4	1	1.91358
6	4	2	1.92607
6	4	3	1.79538
6	0	0	1.769
6	0	1	1.60966
6	0	2	1.63701
6	0	3	1.56057
1	4	0	1.8276
1	4	1	1.76474
1	4	2	1.78743
1	4	3	1.77831
7	6	0	1.7265
7	6	1	1.62971
7	6	2	1.63474
7	6	3	1.56686
7	2	0	2.06983
7	2	1	1.96925
7	2	2	1.97064
7	2	3	1.96277
0	4	0	1.87092
0	4	1	1.93276
0	4	2	1.87916
0	4	3	1.8382
0	0	0	1.83225
0	0	1	1.89272
0	0	2	1.80776
0	0	3	1.77839
6	6	0	3.53299
6	6	1	3.10586
6	6	2	3.20628
6	6	3	2.93319
6	2	0	2.97043
6	2	1	2.6049
6	2	2	2.66442
6	2	3	2.47709
0	7	0	2.65377
0	7	1	2.67991
0	7	2	2.6199
0	7	3	2.52921
0	3	0	2.58988
0	3	1	2.65786
0	3	2	2.60825
0	3	3	2.51058
7	5	0	3.13436
7	5	1	2.95149
7	5	2	2.92028
7	5	3	2.91732
7	1	0	2.51633
7	1	1	2.4362
7	1	2	2.41155
7	1	3	2.37814
1	7	0	2.82496
1	7	1	2.69876
1	7	2	2.76101
1	7	3	2.64885
1	3	0	2.46575
1	3	1	2.42044
1	3	2	2.33427
1	3	3	2.35049
6	5	0	3.05556
6	5	1	2.72854
6	5	2	2.8035
6	5	3	2.54073
6	1	0	2.6273
6	1	1	2.40614
6	1	2	2.43917
6	1	3	2.29659
1	5	0	2.93317
1	5	1	2.82133
1	5	2	2.82049
1	5	3	2.82558
1	1	0	2.1659
1	1	1	2.11024
1	1	2	2.11313
1	1	3	2.12046
7	7	0	3.14147
7	7	1	2.9128
7	7	2	2.89226
7	7	3	2.76543
7	3	0	2.76538
7	3	1	2.63045
7	3	2	2.65329
7	3	3	2.55526
0	1	0	2.70947
0	1	1	2.76453
0	1	2	2.69126
0	1	3	2.59673
6	7	0	2.93885
6	7	1	2.60578
6	7	2	2.6847
6	7	3	2.49618
0	6	0	2.78645
0	6	1	2.77262
0	6	2	2.68497
0	6	3	2.54509