// This is going to be the base config file for SIPd and CMdd 
// Comments are c++ stylee 
// 


<lengths>
//It's ugly but I can't think of a better way of doing it
cmdLengths#I256= 0,3,3,1,1,0,0,0,0,0,4,6,0,0,0,0,0,0,0,0, \
                 0,0,0,0,0,0,0,0,4,0,0,0,0,0,0,0,0,0,0,0, \
                 0,0,0,0,0,0,0,0,0,0,0,0,0,0,0,0,0,0,0,0, \
                 0,0,0,0,0,0,0,0,0,0,0,0,0,0,0,0,0,0,0,0, \
                 0,0,0,0,0,0,0,0,0,0,0,0,0,0,0,0,0,0,0,0, \
                 0,0,0,0,0,0,0,0,0,0,0,0,0,0,0,0,0,0,0,0, \
                 0,0,0,0,0,0,0,4,1,1,1,4,4,4,1,3,2,3,4,4, \
                 2,4,4,3,5,4,2,6,4,5,1,1,1,1,1,1,1,1,1,1, \
                 1,1,1,1,0,0,0,0,0,0,0,2,2,3,3,3,3,0,0,0, \
                 3,3,3,6,8,8,8,3,3,4,3,3,2,0,0,4,4,3,0,0, \
                 1,1,0,0,0,0,0,0,0,0,4,4,5,4,5,0,0,0,0,0, \
                 2,2,3,2,2,3,3,3,3,0,2,2,2,2,0,0,2,2,0,0, \
                 3,2,2,2,2,3,2,2,0,0,10,2,7,6,7,8; 
</lengths>

<output>
printToScreen#I1=1;
verbosity#I1=1;
</output>
